##BLOCKS= 1          
Plate:	Plate#1	1.3	PlateFormat	Kinetic	Absorbance	Raw	FALSE	181	900	5				1	340	12	1	96	1	8	None	
Time(hh:mm:ss)	Temperature(°C)	1	2	3	4	5	6	7	8	9	10	11	12		
0:00	30.00												0.7705		
													0.8386		
													0.7394		
													0.7494		
													0.741		
													0.802		
													0.7499		
													0.7313		
		
0:05	30.00												0.7668		
													0.827		
													0.7356		
													0.7459		
													0.7369		
													0.8034		
													0.7447		
													0.7271		
		
0:10	30.00												0.7629		
													0.8174		
													0.7337		
													0.7476		
													0.7269		
													0.8037		
													0.7374		
													0.7229		
		
0:15	30.00												0.7625		
													0.8177		
													0.7338		
													0.7509		
													0.723		
													0.8034		
													0.734		
													0.7209		
		
0:20	30.00												0.7625		
													0.8173		
													0.7339		
													0.752		
													0.7221		
													0.8029		
													0.7325		
													0.7195		
		
0:25	30.00												0.7625		
													0.8167		
													0.734		
													0.7517		
													0.7218		
													0.8024		
													0.7318		
													0.7189		
		
0:30	30.10												0.7625		
													0.8168		
													0.7339		
													0.7512		
													0.7219		
													0.8015		
													0.7309		
													0.7184		
		
0:35	30.10												0.7625		
													0.8169		
													0.7339		
													0.7507		
													0.7216		
													0.8009		
													0.7304		
													0.7178		
		
0:40	30.10												0.7621		
													0.8167		
													0.7337		
													0.7502		
													0.7212		
													0.8002		
													0.7299		
													0.7173		
		
0:45	30.10												0.762		
													0.8167		
													0.7336		
													0.7499		
													0.7212		
													0.7998		
													0.7297		
													0.7169		
		
0:50	30.10												0.7618		
													0.8168		
													0.7334		
													0.7494		
													0.7211		
													0.7991		
													0.7292		
													0.7165		
		
0:55	30.10												0.7614		
													0.8168		
													0.7333		
													0.7489		
													0.7207		
													0.7985		
													0.7289		
													0.7162		
		
1:00	30.10												0.7613		
													0.8167		
													0.733		
													0.7483		
													0.7204		
													0.7977		
													0.7284		
													0.7157		
		
1:05	30.10												0.7609		
													0.817		
													0.733		
													0.748		
													0.7205		
													0.7974		
													0.7281		
													0.7155		
		
1:10	30.00												0.7606		
													0.8168		
													0.7326		
													0.7475		
													0.7205		
													0.7967		
													0.728		
													0.7151		
		
1:15	30.00												0.7605		
													0.8169		
													0.7325		
													0.7471		
													0.7202		
													0.7963		
													0.7277		
													0.7148		
		
1:20	30.00												0.7601		
													0.8168		
													0.7323		
													0.7466		
													0.72		
													0.7957		
													0.7274		
													0.7143		
		
1:25	30.00												0.7599		
													0.8169		
													0.732		
													0.7462		
													0.7198		
													0.7954		
													0.7272		
													0.7143		
		
1:30	30.00												0.7595		
													0.8173		
													0.7319		
													0.7458		
													0.7197		
													0.7948		
													0.7268		
													0.7141		
		
1:35	30.00												0.7593		
													0.8172		
													0.7316		
													0.7453		
													0.7195		
													0.7944		
													0.7268		
													0.7137		
		
1:40	30.00												0.759		
													0.8172		
													0.7313		
													0.7452		
													0.7194		
													0.7939		
													0.7266		
													0.7136		
		
1:45	30.00												0.7586		
													0.8171		
													0.7312		
													0.7446		
													0.7193		
													0.7937		
													0.7265		
													0.7133		
		
1:50	30.00												0.7584		
													0.8171		
													0.7307		
													0.7443		
													0.7191		
													0.7931		
													0.7259		
													0.713		
		
1:55	30.10												0.7582		
													0.8168		
													0.7304		
													0.7438		
													0.7187		
													0.7927		
													0.7257		
													0.7126		
		
2:00	30.10												0.7579		
													0.8171		
													0.7303		
													0.7432		
													0.7186		
													0.7923		
													0.7255		
													0.7127		
		
2:05	30.10												0.7575		
													0.8168		
													0.73		
													0.7428		
													0.7184		
													0.7919		
													0.7253		
													0.712		
		
2:10	30.10												0.7572		
													0.8167		
													0.7295		
													0.7424		
													0.7183		
													0.7914		
													0.725		
													0.712		
		
2:15	30.10												0.7568		
													0.8166		
													0.7294		
													0.7419		
													0.7181		
													0.7912		
													0.7248		
													0.7119		
		
2:20	30.10												0.7566		
													0.8165		
													0.7291		
													0.7414		
													0.7181		
													0.7907		
													0.7246		
													0.7116		
		
2:25	30.10												0.7563		
													0.8164		
													0.7289		
													0.7409		
													0.718		
													0.7903		
													0.7244		
													0.7115		
		
2:30	30.00												0.7559		
													0.8164		
													0.7286		
													0.7404		
													0.7178		
													0.7901		
													0.7242		
													0.7113		
		
2:35	30.00												0.7557		
													0.8162		
													0.7282		
													0.7398		
													0.7176		
													0.7897		
													0.724		
													0.7108		
		
2:40	30.00												0.7553		
													0.816		
													0.728		
													0.7392		
													0.7175		
													0.7893		
													0.724		
													0.7109		
		
2:45	30.00												0.7549		
													0.8157		
													0.7275		
													0.7387		
													0.7174		
													0.7891		
													0.7237		
													0.7106		
		
2:50	30.00												0.7545		
													0.8154		
													0.7274		
													0.7381		
													0.7173		
													0.7888		
													0.7235		
													0.7103		
		
2:55	30.00												0.7542		
													0.8152		
													0.7271		
													0.7376		
													0.7171		
													0.7884		
													0.7235		
													0.7102		
		
3:00	30.00												0.7539		
													0.8151		
													0.7268		
													0.7369		
													0.7171		
													0.7881		
													0.7231		
													0.71		
		
3:05	30.00												0.7535		
													0.8147		
													0.7265		
													0.7364		
													0.7168		
													0.7878		
													0.7231		
													0.7098		
		
3:10	30.00												0.7533		
													0.8145		
													0.7261		
													0.7358		
													0.7168		
													0.7874		
													0.7229		
													0.7095		
		
3:15	30.10												0.7527		
													0.814		
													0.7258		
													0.7353		
													0.7167		
													0.7871		
													0.7226		
													0.7093		
		
3:20	30.10												0.7522		
													0.8137		
													0.7256		
													0.7346		
													0.7165		
													0.7868		
													0.7225		
													0.7092		
		
3:25	30.10												0.7521		
													0.8131		
													0.7252		
													0.734		
													0.7164		
													0.7863		
													0.7222		
													0.7091		
		
3:30	30.10												0.7518		
													0.8127		
													0.7249		
													0.7334		
													0.7164		
													0.7862		
													0.7221		
													0.7089		
		
3:35	30.10												0.7512		
													0.8124		
													0.7246		
													0.7326		
													0.7163		
													0.7858		
													0.7218		
													0.7088		
		
3:40	30.10												0.7507		
													0.8121		
													0.7242		
													0.732		
													0.7164		
													0.7856		
													0.7217		
													0.7085		
		
3:45	30.10												0.7504		
													0.8115		
													0.7239		
													0.7313		
													0.7161		
													0.7852		
													0.7215		
													0.7083		
		
3:50	30.10												0.7502		
													0.8109		
													0.7235		
													0.7306		
													0.716		
													0.7848		
													0.7214		
													0.708		
		
3:55	30.10												0.7496		
													0.8104		
													0.7231		
													0.7299		
													0.7158		
													0.7843		
													0.721		
													0.7079		
		
4:00	30.00												0.7493		
													0.8099		
													0.7229		
													0.7292		
													0.7156		
													0.7841		
													0.7209		
													0.7077		
		
4:05	30.00												0.7488		
													0.8093		
													0.7226		
													0.7285		
													0.7156		
													0.7839		
													0.721		
													0.7075		
		
4:10	30.00												0.7484		
													0.8086		
													0.7221		
													0.7277		
													0.7156		
													0.7836		
													0.7206		
													0.7073		
		
4:15	30.00												0.748		
													0.8081		
													0.7217		
													0.7269		
													0.7156		
													0.7832		
													0.7205		
													0.7073		
		
4:20	30.00												0.7475		
													0.8075		
													0.7215		
													0.7259		
													0.7153		
													0.7829		
													0.7202		
													0.707		
		
4:25	30.00												0.7471		
													0.8068		
													0.7209		
													0.7253		
													0.7153		
													0.7828		
													0.7203		
													0.7068		
		
4:30	30.00												0.7466		
													0.8063		
													0.7207		
													0.7244		
													0.7152		
													0.7825		
													0.7199		
													0.7065		
		
4:35	30.00												0.7463		
													0.7548		
													0.7201		
													0.7235		
													0.715		
													0.7821		
													0.7195		
													0.7063		
		
4:40	30.10												0.746		
													0.7542		
													0.7199		
													0.7227		
													0.715		
													0.7818		
													0.7194		
													0.7061		
		
4:45	30.10												0.7453		
													0.7532		
													0.7195		
													0.7218		
													0.7149		
													0.7815		
													0.7195		
													0.706		
		
4:50	30.10												0.7449		
													0.7523		
													0.7191		
													0.7209		
													0.7148		
													0.7811		
													0.7191		
													0.7058		
		
4:55	30.10												0.7445		
													0.7514		
													0.7185		
													0.7201		
													0.7149		
													0.7809		
													0.719		
													0.7057		
		
5:00	30.10												0.7442		
													0.7505		
													0.7183		
													0.7192		
													0.7146		
													0.7806		
													0.7187		
													0.7053		
		
5:05	30.10												0.7438		
													0.7493		
													0.7179		
													0.7182		
													0.7146		
													0.7803		
													0.7187		
													0.7051		
		
5:10	30.10												0.7432		
													0.7485		
													0.7175		
													0.7172		
													0.7144		
													0.78		
													0.7184		
													0.705		
		
5:15	30.10												0.7427		
													0.7476		
													0.7172		
													0.7163		
													0.7143		
													0.7797		
													0.7184		
													0.7049		
		
5:20	30.10												0.7421		
													0.7466		
													0.7167		
													0.7152		
													0.7142		
													0.7795		
													0.718		
													0.7046		
		
5:25	30.10												0.7418		
													0.7455		
													0.7163		
													0.7143		
													0.7141		
													0.7792		
													0.7178		
													0.7044		
		
5:30	30.00												0.7412		
													0.7444		
													0.7159		
													0.7134		
													0.7141		
													0.7788		
													0.7176		
													0.7042		
		
5:35	30.00												0.7408		
													0.7434		
													0.7154		
													0.7122		
													0.7142		
													0.7785		
													0.7175		
													0.704		
		
5:40	30.00												0.7403		
													0.7424		
													0.715		
													0.7112		
													0.7138		
													0.7783		
													0.7173		
													0.7038		
		
5:45	30.00												0.7398		
													0.7413		
													0.7145		
													0.7101		
													0.7139		
													0.778		
													0.717		
													0.7035		
		
5:50	30.00												0.7393		
													0.7401		
													0.7141		
													0.7092		
													0.7138		
													0.7776		
													0.717		
													0.7035		
		
5:55	30.00												0.7389		
													0.739		
													0.7137		
													0.7079		
													0.7136		
													0.7774		
													0.7167		
													0.7032		
		
6:00	30.00												0.7383		
													0.7379		
													0.7132		
													0.7069		
													0.7136		
													0.7772		
													0.7166		
													0.703		
		
6:05	30.00												0.7377		
													0.7367		
													0.7127		
													0.7058		
													0.7136		
													0.7768		
													0.7161		
													0.703		
		
6:10	30.10												0.7372		
													0.7355		
													0.7124		
													0.7046		
													0.7136		
													0.7765		
													0.7162		
													0.7027		
		
6:15	30.10												0.7368		
													0.7344		
													0.7118		
													0.7035		
													0.7132		
													0.7764		
													0.7158		
													0.7025		
		
6:20	30.10												0.7363		
													0.7333		
													0.7115		
													0.7023		
													0.7132		
													0.776		
													0.7157		
													0.7022		
		
6:25	30.10												0.7359		
													0.732		
													0.711		
													0.7013		
													0.7132		
													0.7758		
													0.7155		
													0.702		
		
6:30	30.10												0.7353		
													0.7308		
													0.7106		
													0.6999		
													0.713		
													0.7754		
													0.7153		
													0.7018		
		
6:35	30.10												0.7348		
													0.7296		
													0.7101		
													0.6988		
													0.7131		
													0.7752		
													0.7151		
													0.7016		
		
6:40	30.10												0.7342		
													0.7282		
													0.7096		
													0.6977		
													0.7129		
													0.7748		
													0.7149		
													0.7015		
		
6:45	30.10												0.7336		
													0.7272		
													0.7092		
													0.6963		
													0.713		
													0.7746		
													0.7148		
													0.7011		
		
6:50	30.10												0.7332		
													0.7258		
													0.7088		
													0.6952		
													0.7128		
													0.7744		
													0.7146		
													0.701		
		
6:55	30.00												0.7326		
													0.7246		
													0.7083		
													0.6938		
													0.7127		
													0.7742		
													0.7142		
													0.7008		
		
7:00	30.00												0.732		
													0.7232		
													0.7077		
													0.6927		
													0.7126		
													0.7738		
													0.7141		
													0.7008		
		
7:05	30.00												0.7314		
													0.7218		
													0.7073		
													0.6914		
													0.7126		
													0.7734		
													0.7138		
													0.7004		
		
7:10	30.00												0.7311		
													0.7206		
													0.7067		
													0.6902		
													0.7125		
													0.7732		
													0.7136		
													0.7002		
		
7:15	30.00												0.7305		
													0.7192		
													0.7064		
													0.6887		
													0.7124		
													0.773		
													0.7135		
													0.6998		
		
7:20	30.00												0.7298		
													0.7179		
													0.706		
													0.6875		
													0.7124		
													0.7727		
													0.7132		
													0.6998		
		
7:25	30.00												0.7292		
													0.7167		
													0.7054		
													0.6861		
													0.7122		
													0.7725		
													0.7133		
													0.6996		
		
7:30	30.00												0.7288		
													0.7151		
													0.7047		
													0.6849		
													0.7123		
													0.7722		
													0.7129		
													0.6994		
		
7:35	30.10												0.7282		
													0.7137		
													0.7045		
													0.6835		
													0.7121		
													0.7721		
													0.7127		
													0.6991		
		
7:40	30.10												0.7277		
													0.7122		
													0.7039		
													0.6821		
													0.712		
													0.7716		
													0.7123		
													0.6989		
		
7:45	30.10												0.7271		
													0.7109		
													0.7034		
													0.6807		
													0.7119		
													0.7714		
													0.7122		
													0.6987		
		
7:50	30.10												0.7265		
													0.7093		
													0.7028		
													0.6794		
													0.7119		
													0.771		
													0.712		
													0.6987		
		
7:55	30.10												0.7258		
													0.708		
													0.7024		
													0.6781		
													0.712		
													0.7708		
													0.7119		
													0.6983		
		
8:00	30.10												0.7253		
													0.7066		
													0.702		
													0.6765		
													0.7117		
													0.7706		
													0.7116		
													0.6982		
		
8:05	30.10												0.7249		
													0.7049		
													0.7013		
													0.6752		
													0.7116		
													0.7704		
													0.7114		
													0.6977		
		
8:10	30.10												0.7244		
													0.7035		
													0.701		
													0.6738		
													0.7116		
													0.7702		
													0.7111		
													0.6976		
		
8:15	30.10												0.7236		
													0.702		
													0.7004		
													0.6724		
													0.7115		
													0.77		
													0.7111		
													0.6976		
		
8:20	30.10												0.7231		
													0.7004		
													0.6999		
													0.6709		
													0.7114		
													0.7697		
													0.7108		
													0.6974		
		
8:25	30.10												0.7226		
													0.6989		
													0.6994		
													0.6695		
													0.7113		
													0.7695		
													0.7107		
													0.6972		
		
8:30	30.00												0.7219		
													0.6974		
													0.6989		
													0.668		
													0.7114		
													0.7694		
													0.7104		
													0.697		
		
8:35	30.00												0.7212		
													0.6958		
													0.6984		
													0.6666		
													0.7114		
													0.769		
													0.7101		
													0.6966		
		
8:40	30.00												0.7207		
													0.6943		
													0.6978		
													0.6649		
													0.711		
													0.7687		
													0.71		
													0.6965		
		
8:45	30.00												0.7202		
													0.6926		
													0.6973		
													0.6635		
													0.7109		
													0.7687		
													0.7097		
													0.6964		
		
8:50	30.00												0.7196		
													0.691		
													0.6968		
													0.6619		
													0.7109		
													0.7685		
													0.7095		
													0.6962		
		
8:55	30.00												0.7189		
													0.6896		
													0.6963		
													0.6605		
													0.7109		
													0.7682		
													0.7093		
													0.696		
		
9:00	30.00												0.7184		
													0.6879		
													0.6959		
													0.659		
													0.7108		
													0.7683		
													0.7092		
													0.6957		
		
9:05	30.00												0.7178		
													0.686		
													0.6952		
													0.6574		
													0.7106		
													0.7678		
													0.709		
													0.6955		
		
9:10	30.10												0.7172		
													0.6846		
													0.6947		
													0.6559		
													0.7107		
													0.7677		
													0.7087		
													0.6952		
		
9:15	30.10												0.7165		
													0.683		
													0.6943		
													0.6543		
													0.7106		
													0.7675		
													0.7084		
													0.6951		
		
9:20	30.10												0.7159		
													0.6811		
													0.6936		
													0.6528		
													0.7105		
													0.7673		
													0.7083		
													0.6949		
		
9:25	30.10												0.7153		
													0.6796		
													0.6931		
													0.6512		
													0.7103		
													0.7672		
													0.7081		
													0.6947		
		
9:30	30.10												0.7147		
													0.6777		
													0.6926		
													0.6496		
													0.7104		
													0.7671		
													0.7078		
													0.6944		
		
9:35	30.10												0.7141		
													0.6761		
													0.6921		
													0.648		
													0.7101		
													0.7669		
													0.7076		
													0.6944		
		
9:40	30.10												0.7135		
													0.6744		
													0.6917		
													0.6465		
													0.7101		
													0.7667		
													0.7075		
													0.6941		
		
9:45	30.10												0.713		
													0.6726		
													0.691		
													0.6449		
													0.7101		
													0.7665		
													0.7072		
													0.6939		
		
9:50	30.10												0.7123		
													0.6709		
													0.6904		
													0.6432		
													0.7101		
													0.7664		
													0.7071		
													0.6937		
		
9:55	30.00												0.7116		
													0.6693		
													0.69		
													0.6416		
													0.7101		
													0.7663		
													0.7067		
													0.6935		
		
10:00	30.00												0.7111		
													0.6676		
													0.6895		
													0.64		
													0.7099		
													0.7662		
													0.7066		
													0.6934		
		
10:05	30.00												0.7105		
													0.6658		
													0.6889		
													0.6384		
													0.7099		
													0.7659		
													0.7064		
													0.6932		
		
10:10	30.00												0.7099		
													0.6641		
													0.6885		
													0.6366		
													0.7097		
													0.7658		
													0.7063		
													0.693		
		
10:15	30.00												0.7093		
													0.6622		
													0.6879		
													0.635		
													0.7096		
													0.7656		
													0.706		
													0.6927		
		
10:20	30.00												0.7088		
													0.6604		
													0.6873		
													0.6335		
													0.7095		
													0.7656		
													0.7059		
													0.6923		
		
10:25	30.00												0.708		
													0.6587		
													0.6869		
													0.6317		
													0.7095		
													0.7654		
													0.7056		
													0.6924		
		
10:30	30.00												0.7073		
													0.6568		
													0.6861		
													0.6301		
													0.7093		
													0.7652		
													0.7054		
													0.692		
		
10:35	30.00												0.7066		
													0.6552		
													0.686		
													0.6281		
													0.7091		
													0.7651		
													0.7051		
													0.692		
		
10:40	30.00												0.7061		
													0.6532		
													0.6853		
													0.6267		
													0.7091		
													0.765		
													0.705		
													0.6917		
		
10:45	30.10												0.7055		
													0.6514		
													0.6846		
													0.625		
													0.7091		
													0.7649		
													0.7047		
													0.6915		
		
10:50	30.10												0.705		
													0.6495		
													0.684		
													0.6233		
													0.709		
													0.7648		
													0.7046		
													0.6914		
		
10:55	30.10												0.7043		
													0.6476		
													0.6835		
													0.6216		
													0.7089		
													0.7645		
													0.7043		
													0.691		
		
11:00	30.10												0.7037		
													0.6457		
													0.683		
													0.6199		
													0.7089		
													0.7645		
													0.7041		
													0.6908		
		
11:05	30.10												0.7031		
													0.6439		
													0.6824		
													0.6138		
													0.7088		
													0.7643		
													0.7038		
													0.6908		
		
11:10	30.10												0.7022		
													0.6421		
													0.6819		
													0.6127		
													0.7089		
													0.7642		
													0.7038		
													0.6905		
		
11:15	30.10												0.7017		
													0.6401		
													0.6813		
													0.6112		
													0.7086		
													0.764		
													0.7034		
													0.6904		
		
11:20	30.10												0.7012		
													0.6382		
													0.6806		
													0.6095		
													0.7085		
													0.7641		
													0.7032		
													0.6902		
		
11:25	30.10												0.7005		
													0.6362		
													0.6803		
													0.6078		
													0.7085		
													0.7638		
													0.703		
													0.6898		
		
11:30	30.10												0.6998		
													0.6343		
													0.6796		
													0.6061		
													0.7084		
													0.7636		
													0.7027		
													0.6897		
		
11:35	30.10												0.6993		
													0.6325		
													0.6791		
													0.6044		
													0.7082		
													0.7636		
													0.7027		
													0.6894		
		
11:40	30.00												0.6986		
													0.6306		
													0.6785		
													0.6027		
													0.7082		
													0.7634		
													0.7025		
													0.6895		
		
11:45	30.00												0.6979		
													0.6286		
													0.678		
													0.6008		
													0.7081		
													0.7631		
													0.7022		
													0.6892		
		
11:50	30.00												0.6973		
													0.6266		
													0.6774		
													0.5991		
													0.708		
													0.7631		
													0.7021		
													0.6889		
		
11:55	30.00												0.6966		
													0.6245		
													0.6768		
													0.5974		
													0.7077		
													0.763		
													0.7017		
													0.6888		
		
12:00	30.00												0.696		
													0.6226		
													0.6764		
													0.5956		
													0.7078		
													0.7629		
													0.7016		
													0.6886		
		
12:05	30.00												0.6955		
													0.6208		
													0.6757		
													0.5939		
													0.7078		
													0.7628		
													0.7014		
													0.6886		
		
12:10	30.00												0.6948		
													0.6188		
													0.6752		
													0.5921		
													0.7077		
													0.7627		
													0.7013		
													0.688		
		
12:15	30.00												0.6941		
													0.6166		
													0.6746		
													0.5903		
													0.7076		
													0.7625		
													0.701		
													0.6881		
		
12:20	30.00												0.6935		
													0.6148		
													0.674		
													0.5885		
													0.7076		
													0.7624		
													0.7007		
													0.688		
		
12:25	30.10												0.693		
													0.6128		
													0.6734		
													0.5868		
													0.7076		
													0.7621		
													0.7006		
													0.6877		
		
12:30	30.10												0.6924		
													0.6106		
													0.6729		
													0.5849		
													0.7074		
													0.7621		
													0.7002		
													0.6873		
		
12:35	30.10												0.6917		
													0.6086		
													0.6725		
													0.583		
													0.7072		
													0.762		
													0.7001		
													0.6872		
		
12:40	30.10												0.6911		
													0.6066		
													0.6718		
													0.5813		
													0.7073		
													0.7619		
													0.7		
													0.6871		
		
12:45	30.10												0.6903		
													0.6045		
													0.6712		
													0.5794		
													0.7071		
													0.7619		
													0.6996		
													0.6868		
		
12:50	30.10												0.6897		
													0.6026		
													0.6708		
													0.5776		
													0.707		
													0.7617		
													0.6994		
													0.6868		
		
12:55	30.10												0.6892		
													0.6005		
													0.6701		
													0.576		
													0.7072		
													0.7615		
													0.6993		
													0.6865		
		
13:00	30.10												0.6884		
													0.5984		
													0.6697		
													0.5739		
													0.707		
													0.7613		
													0.6991		
													0.6864		
		
13:05	30.10												0.6876		
													0.5965		
													0.669		
													0.572		
													0.7072		
													0.7611		
													0.6988		
													0.6862		
		
13:10	30.10												0.6872		
													0.5942		
													0.6684		
													0.5703		
													0.7067		
													0.7613		
													0.6987		
													0.6859		
		
13:15	30.10												0.6864		
													0.5921		
													0.6679		
													0.5683		
													0.7067		
													0.761		
													0.6985		
													0.6857		
		
13:20	30.00												0.6859		
													0.5899		
													0.6674		
													0.5664		
													0.7066		
													0.7608		
													0.6982		
													0.6854		
		
13:25	30.00												0.6853		
													0.557		
													0.6667		
													0.5647		
													0.7065		
													0.7608		
													0.698		
													0.6852		
		
13:30	30.00												0.6848		
													0.5545		
													0.6662		
													0.5628		
													0.7065		
													0.7607		
													0.6979		
													0.6851		
		
13:35	30.00												0.6839		
													0.5525		
													0.6656		
													0.5608		
													0.7063		
													0.7606		
													0.6976		
													0.685		
		
13:40	30.00												0.6833		
													0.5502		
													0.6651		
													0.5589		
													0.7065		
													0.7605		
													0.6976		
													0.6848		
		
13:45	30.00												0.6827		
													0.5479		
													0.6646		
													0.5571		
													0.7062		
													0.7603		
													0.6973		
													0.6847		
		
13:50	30.00												0.682		
													0.5457		
													0.6639		
													0.5552		
													0.7061		
													0.7602		
													0.6971		
													0.6844		
		
13:55	30.00												0.6814		
													0.543		
													0.6633		
													0.5532		
													0.7061		
													0.7602		
													0.6969		
													0.6842		
		
14:00	30.00												0.6808		
													0.5406		
													0.6627		
													0.5514		
													0.706		
													0.7601		
													0.6966		
													0.6841		
		
14:05	30.10												0.6801		
													0.5384		
													0.6623		
													0.5494		
													0.706		
													0.7598		
													0.6965		
													0.6839		
		
14:10	30.10												0.6795		
													0.536		
													0.6618		
													0.5476		
													0.7058		
													0.7598		
													0.6962		
													0.6836		
		
14:15	30.10												0.6788		
													0.5338		
													0.6612		
													0.5456		
													0.706		
													0.7595		
													0.6961		
													0.6836		
		
14:20	30.10												0.6782		
													0.5314		
													0.6605		
													0.5437		
													0.7057		
													0.7596		
													0.6957		
													0.6834		
		
14:25	30.10												0.6776		
													0.5291		
													0.66		
													0.5417		
													0.7056		
													0.7594		
													0.6956		
													0.6831		
		
14:30	30.10												0.6769		
													0.527		
													0.6595		
													0.5397		
													0.7056		
													0.7593		
													0.6953		
													0.683		
		
14:35	30.10												0.6763		
													0.5246		
													0.659		
													0.5378		
													0.7054		
													0.7593		
													0.6953		
													0.6827		
		
14:40	30.10												0.6756		
													0.5225		
													0.6584		
													0.5359		
													0.7055		
													0.7591		
													0.695		
													0.6827		
		
14:45	30.10												0.6749		
													0.5201		
													0.6577		
													0.5339		
													0.7054		
													0.7589		
													0.6948		
													0.6824		
		
14:50	30.10												0.6742		
													0.5179		
													0.6571		
													0.532		
													0.7053		
													0.7588		
													0.6947		
													0.6823		
		
14:55	30.10												0.6736		
													0.5157		
													0.6566		
													0.5299		
													0.7052		
													0.7587		
													0.6944		
													0.682		
		
15:00	30.00												0.6729		
													0.5134		
													0.656		
													0.5281		
													0.7052		
													0.7586		
													0.6941		
													0.6818		
		
~End
